-0.00623436
0.0134358
0.0455901
0.0991892
0.159098
0.221304
0.279669
0.337008
0.380693
0.406983
0.407507
0.397552
0.368052
0.3214
0.261812
0.19363
0.133458
0.0573392
-0.02232
-0.107509
-0.170482
-0.223438
-0.258464
-0.278345
-0.273049
-0.239421
-0.17752
-0.109853
-0.0327709
0.0466916
0.115802
0.180659
0.222533
0.236894
0.226058
0.198558
0.142739
0.078688
0.00632561
-0.0689651
-0.13139
-0.187707
-0.224829
-0.240608
-0.237497
-0.215678
-0.163192
-0.10315
-0.022122
0.0553897
0.139719
0.206937
0.256844
0.285105
0.288196
0.267241
0.215563
0.148283
0.0728508
-0.0175738
-0.0965401
-0.164673
-0.21378
-0.247262
-0.265703
-0.240415
-0.207625
-0.156661
-0.0900864
-0.015365
0.065593
0.140158
0.198965
0.234336
0.246688
0.241575
0.208696
0.165432
0.0972752
0.0203463
-0.0511928
-0.130747
-0.185054
-0.222453
-0.241915
-0.241175
-0.221211
-0.177928
-0.11274
-0.0291101
0.0473323
0.128837
0.196201
0.235109
0.252791
0.260627
0.236268
0.187385
0.124429
0.0487967
-0.0357183
-0.105046
-0.172167
-0.214722
-0.241721
-0.254773
-0.23853
-0.210095
-0.14865
-0.0723337
0.0061722
0.086881
0.160939
0.222801
0.2521
0.260611
0.257346
0.216635
0.16213
0.0876434
0.0103571
-0.0671772
-0.14151
-0.194687
-0.239009
-0.256424
-0.243482
-0.219061
-0.177487
-0.113695
-0.0292265
0.048234
0.119145
0.184601
0.233646
0.252604
0.25532
0.237819
0.195532
0.129639
0.0523436
-0.0316627
-0.106526
-0.174977
-0.22112
-0.251764
-0.255744
-0.234138
-0.190593
-0.132383
-0.062765
0.024259
0.100661
0.163586
0.217658
0.259242
0.265324
0.260472
0.221389
0.162678
0.0936832
0.014751
-0.0657009
-0.133685
-0.193462
-0.23801
-0.247307
-0.248478
-0.227251
-0.171877
-0.107216
-0.0298996
0.0525367
0.118638
0.175749
0.229143
0.255954
0.261405
0.233495
0.188548
0.119793
0.0441397
-0.0456424
-0.122583
-0.179814
-0.227996
-0.257829
-0.27301
-0.250402
-0.212829
-0.153114
-0.083711
-0.00582375
0.0714829
0.13977
0.185325
0.221529
0.23292
0.228045
0.194392
0.133699
0.0555577
-0.0179828
-0.0913484
-0.162091
-0.218365
-0.252572
-0.262639
-0.255572
-0.221346
-0.173968
-0.103181
-0.0294879
0.0595775
0.130578
0.201336
0.241152
0.268148
0.260159
0.233176
0.189723
0.124057
0.0536417
-0.0340643
-0.115805
-0.18314
-0.229168
-0.258472
-0.256742
-0.241419
-0.199067
-0.145036
-0.0655188
0.0136073
0.100485
0.173885
0.223305
0.264734
0.27033
0.256879
0.21896
0.161813
0.0927865
0.0232833
-0.0599727
-0.136427
-0.191945
-0.22728
-0.242916
-0.237718
-0.210087
-0.166913
-0.0974461
-0.0216535
0.0581137
0.135693
0.204746
0.240629
0.262041
0.258655
0.240299
0.197604
0.134307
0.0505199
-0.0277397
-0.0955207
-0.162598
-0.204504
-0.236655
-0.245051
-0.230299
-0.184831
-0.122948
-0.0418782
0.0319417
0.102335
0.159949
0.205752
0.236804
0.255254
0.23825
0.19341
0.137152
0.0625072
-0.013937
-0.0881381
-0.158419
-0.222001
-0.260797
-0.280693
-0.262588
-0.221664
-0.158485
-0.0818669
-0.00875603
0.0718006
0.13984
0.195736
0.242861
0.265894
0.263804
0.241861
0.192069
0.133587
0.056651
-0.0225392
-0.10686
-0.176803
-0.23212
-0.263351
-0.257548
-0.240372
-0.189621
-0.1271
-0.0567694
0.0205624
0.0960747
0.161552
0.218811
0.243888
0.252089
0.238291
0.205473
0.146001
0.0715502
-0.00180775
-0.0901814
-0.159672
-0.213239
-0.245047
-0.25542
-0.243275
-0.210829
-0.156958
-0.0874166
-0.0101527
0.072109
0.146228
0.200903
0.24224
0.26308
0.25866
0.240759
0.19107
0.114693
0.0365105
-0.0514076
-0.124615
-0.191414
-0.237096
-0.258077
-0.256053
-0.23596
-0.188309
-0.127817
-0.0565842
0.029823
0.104927
0.162746
0.206976
0.239086
0.249568
0.235757
0.191829
0.136021
0.0615992
-0.0178776
-0.0932121
-0.165587
-0.224003
-0.249863
-0.252784
-0.248187
-0.213242
-0.156251
-0.0844328
-0.00706213
0.0746425
0.143703
0.204464
0.247804
0.261643
0.25263
0.215919
0.162922
0.0901955
0.0138922
-0.0749269
-0.147848
-0.208983
-0.248484
-0.265733
-0.258143
-0.237193
-0.187845
-0.119375
-0.0490225
0.0372392
0.109683
0.176454
0.229649
0.270021
0.266427
0.247438
0.209676
0.145753
0.0632502
-0.0222012
-0.0981299
-0.172382
-0.229744
-0.273671
-0.276517
-0.273713
-0.240339
-0.187344
-0.119983
-0.0429001
0.0401127
0.116601
0.180626
0.225686
0.248555
0.249043
0.216221
0.167228
0.101639
0.0234491
-0.0608301
-0.124227
-0.182347
-0.224929
-0.244834
-0.252106
-0.223663
-0.170804
-0.113493
-0.0378445
0.0348426
0.11224
0.177025
0.231432
0.26394
0.270529
0.24747
0.198723
0.133747
0.0630721
-0.0221366
-0.0946563
-0.161515
-0.226491
-0.255702
-0.269226
-0.247115
-0.212323
-0.157142
-0.08801
-0.0153022
0.070114
0.148119
0.211152
0.250574
0.272632
0.271887
0.241227
0.17981
0.118388
0.0431758
-0.0435152
-0.122707
-0.192838
-0.231249
-0.254156
-0.250341
-0.221632
-0.178898
-0.11567
-0.0380281
0.0323556
0.10319
0.166266
0.225263
0.247323
0.250648
0.235225
0.190364
0.137648
0.0542606
-0.0203161
-0.0916431
-0.160807
-0.216022
-0.252018
-0.264411
-0.242463
-0.206663
-0.151365
-0.0879222
0.00144746
0.0690874
0.137981
0.196778
0.228334
0.243576
0.23041
0.199643
0.147973
0.0797686
0.00665326
-0.0644085
-0.139212
-0.190572
-0.233181
-0.246705
-0.247891
-0.219774
-0.166954
-0.0973671
-0.0195913
0.0695768
0.144176
0.205175
0.248159
0.275619
0.273754
0.248913
0.197917
0.135195
0.058328
-0.0313938
-0.111982
-0.174499
-0.234096
-0.270879
-0.282947
-0.27121
-0.234051
-0.176297
-0.103022
-0.0222561
0.05963
0.13104
0.197786
0.232629
0.247183
0.248465
0.221525
0.165783
0.108727
0.0312005
-0.0385583
-0.112695
-0.173525
-0.215662
-0.235733
-0.236738
-0.214095
-0.167012
-0.106974
-0.0273002
0.0583755
0.13091
0.195429
0.242691
0.261112
0.27204
0.242615
0.196229
0.135924
0.0585158
-0.0203194
-0.0885454
-0.150422
-0.196228
-0.230825
-0.247287
-0.236333
-0.197847
-0.13956
-0.0681955
0.0118853
0.0800859
0.15796
0.21172
0.247583
0.264906
0.250544
0.215918
0.153873
0.0766272
-0.00174682
-0.0828187
-0.154673
-0.219384
-0.263656
-0.285739
-0.282411
-0.254391
-0.207737
-0.135278
-0.0631077
0.0166574
0.0938581
0.157142
0.209265
0.234374
0.241217
0.218471
0.181352
0.120797
0.0498755
-0.0220132
-0.0969923
-0.156337
-0.20718
-0.241936
-0.246366
-0.237042
-0.194686
-0.141996
-0.0759395
0.00541653
0.0863648
0.158336
0.205558
0.24147
0.242057
0.226822
0.191751
0.136146
0.0674962
-0.00991723
-0.0892185
-0.151806
-0.209555
-0.244651
-0.251268
-0.248648
-0.221973
-0.163528
-0.0962467
-0.0220482
0.0606355
0.130135
0.194553
0.237529
0.252229
0.247604
0.224979
0.179509
0.11633
0.0388987
-0.0437217
-0.113172
-0.176573
-0.226732
-0.253729
-0.255955
-0.240197
-0.189848
-0.132322
-0.0573331
0.0286182
0.113121
0.187097
0.239462
0.266829
0.273569
0.255222
0.216193
0.153608
0.0823677
0.0017726
-0.0734945
-0.145118
-0.20472
-0.242566
-0.256149
-0.254425
-0.224499
-0.17237
-0.104032
-0.019581
0.0619619
0.14422
0.212433
0.266312
0.290304
0.295813
0.267924
0.222328
0.157276
0.0777413
-0.00957521
-0.0788718
-0.14165
-0.200339
-0.229706
-0.240622
-0.222802
-0.18239
-0.12162
-0.0590948
0.0130558
0.0866727
0.153723
0.214902
0.243493
0.25995
0.255698
0.210217
0.152388
0.0885075
0.00362889
-0.0800592
-0.149326
-0.209049
-0.248341
-0.259364
-0.250795
-0.216974
-0.168184
-0.10222
-0.0247995
0.0478107
0.121496
0.186738
0.222985
0.246041
0.243816
0.217705
0.167145
0.098776
0.0210411
-0.0609198
-0.136263
-0.206189
-0.25675
-0.285542
-0.283588
-0.26171
-0.223204
-0.155096
-0.0754255
0.00109134
0.0772407
0.150988
0.207376
0.241377
0.253827
0.241104
0.199633
0.144743
0.0816449
0.00626879
-0.0701102
-0.134967
-0.196956
-0.235341
-0.249444
-0.238493
-0.196674
-0.140397
-0.064731
0.0184413
0.0981406
0.172212
0.237921
0.275437
0.292145
0.289784
0.257612
0.201087
0.132601
0.0544183
-0.023273
-0.107408
-0.181477
-0.234243
-0.263309
-0.267487
-0.255817
-0.217312
-0.160909
-0.0842982
-0.00940714
0.0696883
0.140454
0.191531
0.235083
0.243573
0.22383
0.18506
0.129537
0.0583517
-0.0204626
-0.0990763
-0.171549
-0.219766
-0.256023
-0.266936
-0.250581
-0.217495
-0.166544
-0.0960172
-0.026313
0.0545024
0.126651
0.193072
0.240065
0.256657
0.256897
0.228942
0.181755
0.111745
0.0430257
-0.0317115
-0.104194
-0.172736
-0.218002
-0.234658
-0.23176
-0.215829
-0.168965
-0.109431
-0.0361923
0.0505808
0.118278
0.183176
0.239244
0.276683
0.283933
0.264589
0.223601
0.163053
0.0935873
0.0125024
-0.0618698
-0.133324
-0.188618
-0.217395
-0.230414
-0.217166
-0.180023
-0.126768
-0.0583069
0.0184888
0.100788
0.166395
0.221799
0.260364
0.278779
0.276361
0.243274
0.191682
0.125895
0.0387929
-0.0409193
-0.120579
-0.185013
-0.236816
-0.254862
-0.265355
-0.246579
-0.203374
-0.141849
-0.0618032
0.0124247
0.0812905
0.148643
0.204313
0.231986
0.241129
0.225282
0.180626
0.122509
0.0559914
-0.0251276
-0.0992456
-0.176636
-0.228403
-0.261518
-0.280761
-0.262939
-0.22294
-0.165291
-0.0929094
-0.0123453
0.0701314
0.143321
0.209861
0.256373
0.274173
0.262846
0.229365
0.19031
0.129861
0.0544203
-0.0250738
-0.099211
-0.161969
-0.218281
-0.245063
-0.241494
-0.223129
-0.184582
-0.128046
-0.0638846
0.0169268
0.0902921
0.163089
0.209339
0.237147
0.24644
0.238205
0.19494
0.129749
0.0668743
-0.0124227
-0.089431
-0.150093
-0.204279
-0.239569
-0.247813
-0.24034
-0.198903
-0.148806
-0.0741193
-0.00241042
0.0719195
0.13637
0.188266
0.226941
0.234783
0.232892
0.19959
0.149891
0.0803616
0.00715685
-0.0715703
-0.138147
-0.202157
-0.243279
-0.268933
-0.267356
-0.240261
-0.196448
-0.122739
-0.0390576
0.0503525
0.11762
0.180178
0.226616
0.264473
0.273179
0.251778
0.211533
0.15562
0.0790448
-0.00232933
-0.0822499
-0.151712
-0.196963
-0.233591
-0.255136
-0.243145
-0.200453
-0.139088
-0.0656552
0.013098
0.0860427
0.159468
0.212217
0.242061
0.264139
0.249466
0.22719
0.178319
0.103674
0.0198841
-0.0588474
-0.133597
-0.202017
-0.253178
-0.277485
-0.275524
-0.248092
-0.193518
-0.127329
-0.0489984
0.0281074
0.114911
0.171684
0.212281
0.238954
0.242698
0.233244
0.186295
0.129882
0.0624689
-0.0246783
-0.10185
-0.172816
-0.227118
-0.264878
-0.274909
-0.263757
-0.234437
-0.168095
-0.0875896
8.47504e-06
0.0872215
0.154627
0.208711
0.244444
0.252038
0.247164
0.210467
0.157251
0.0891912
0.0166195
-0.0590025
-0.123836
