0 62.5785
0.001024 44.0928
0.002048 14.2102
0.003072 53.4239
0.004096 75.0298
0.00512 61.4616
0.006144 23.1918
0.007168 24.1124
0.008192 46.9114
0.009216 43.1038
0.01024 19.625
0.011264 11.3402
0.012288 24.6632
0.013312 19.3969
0.014336 5.00672
0.01536 27.0781
0.016384 40.9869
0.017408 36.5365
0.018432 16.4771
0.019456 6.42135
0.02048 16.7185
0.021504 7.47784
0.022528 19.7532
0.023552 43.7783
0.024576 51.6683
0.0256 38.5705
0.026624 17.2067
0.027648 26.5176
0.028672 42.0613
0.029696 45.1304
0.03072 34.36
0.031744 13.0534
0.032768 24.4144
0.033792 48.1327
0.034816 55.9585
0.03584 48.4169
0.036864 38.2853
0.037888 29.7018
0.038912 11.7139
0.039936 18.2133
0.04096 43.4498
0.041984 51.7001
0.043008 39.8655
0.044032 18.0304
0.045056 6.55714
0.04608 11.8772
0.047104 14.9498
0.048128 18.3852
0.049152 16.2232
0.050176 8.559
0.0512 11.8633
0.052224 19.2453
0.053248 21.3427
0.054272 21.7105
0.055296 24.5911
0.05632 26.633
0.057344 26.2405
0.058368 33.7109
0.059392 47.7375
0.060416 50.0902
0.06144 29.9574
0.062464 17.2225
0.063488 55.4058
0.064512 75.9748
0.065536 66.0062
0.06656 33.2807
0.067584 6.01777
0.068608 23.0104
0.069632 26.5667
0.070656 31.8035
0.07168 38.8916
0.072704 36.2588
0.073728 30.0982
0.074752 29.2882
0.075776 21.9162
0.0768 2.22349
0.077824 21.1947
0.078848 32.9785
0.079872 26.6974
0.080896 7.40742
0.08192 15.5866
0.082944 29.9525
0.083968 34.0356
0.084992 30.12
0.086016 24.6426
0.08704 24.6934
0.088064 23.9351
0.089088 12.901
0.090112 7.10842
0.091136 23.988
0.09216 26.4675
0.093184 12.6204
0.094208 19.0679
0.095232 37.643
0.096256 39.7262
0.09728 28.2252
0.098304 28.0185
0.099328 36.4331
0.100352 28.8876
0.101376 7.80716
0.1024 30.074
0.103424 49.6683
0.104448 49.0293
0.105472 31.5516
0.106496 17.3245
0.10752 25.3017
0.108544 30.2162
0.109568 30.0277
0.110592 30.4061
0.111616 26.1992
0.11264 12.1244
0.113664 8.59666
0.114688 25.7223
0.115712 31.7003
0.116736 25.8666
0.11776 21.4119
0.118784 30.3617
0.119808 36.1463
0.120832 29.7188
0.121856 14.8842
0.12288 12.4472
0.123904 23.2363
0.124928 29.6123
0.125952 31.5182
0.126976 27.4117
0.128 18.114
0.129024 19.9808
0.130048 29.907
0.131072 28.9534
0.132096 15.0282
0.13312 6.6606
0.134144 15.2494
0.135168 9.18926
0.136192 14.9625
0.137216 39.9608
0.13824 57.6746
0.139264 61.423
0.140288 53.0956
0.141312 40.058
0.142336 29.6543
0.14336 24.1731
0.144384 20.8649
0.145408 17.0668
0.146432 12.0664
0.147456 6.67824
0.14848 3.28415
0.149504 4.95182
0.150528 10.5648
0.151552 16.3237
0.152576 16.4428
0.1536 10.1159
0.154624 19.6914
0.155648 38.105
0.156672 48.479
0.157696 46.5529
0.15872 38.108
0.159744 32.1759
0.160768 27.3199
0.161792 19.1001
0.162816 15.2234
0.16384 18.6484
0.164864 17.6789
0.165888 11.0806
0.166912 4.73647
0.167936 4.46374
0.16896 6.56274
0.169984 10.3342
0.171008 15.219
0.172032 18.1935
0.173056 14.761
0.17408 4.91052
0.175104 16.5158
0.176128 31.7337
0.177152 40.7866
0.178176 45.97
0.1792 51.0644
0.180224 54.2038
0.181248 53.3357
0.182272 49.8063
0.183296 44.7866
0.18432 41.9834
0.185344 45.911
0.186368 47.9458
0.187392 38.2253
0.188416 22.0107
0.18944 20.695
0.190464 24.7994
0.191488 22.8633
0.192512 25.9052
0.193536 26.4416
0.19456 13.4821
0.195584 16.9073
0.196608 34.7995
0.197632 34.9907
0.198656 24.2057
0.19968 38.3522
0.200704 55.7048
0.201728 51.8411
0.202752 27.0229
0.203776 8.59681
0.2048 31.5942
0.205824 39.0907
0.206848 31.6154
0.207872 19.0699
0.208896 14.047
0.20992 15.0757
0.210944 13.6436
0.211968 12.5933
0.212992 18.3707
0.214016 28.7604
0.21504 36.3299
0.216064 33.3255
0.217088 17.0878
0.218112 8.62711
0.219136 24.7717
0.22016 23.1743
0.221184 8.33407
0.222208 33.6096
0.223232 55.525
0.224256 55.4864
0.22528 34.2435
0.226304 5.98681
0.227328 12.6316
0.228352 12.0864
0.229376 10.0747
0.2304 27.9202
0.231424 37.9846
0.232448 34.385
0.233472 20.9041
0.234496 5.63607
0.23552 13.0758
0.236544 24.2097
0.237568 28.589
0.238592 23.8917
0.239616 11.7097
0.24064 9.01839
0.241664 19.9564
0.242688 23.1716
0.243712 21.9187
0.244736 28.6478
0.24576 36.5518
0.246784 32.9789
0.247808 18.3932
0.248832 14.1285
0.249856 22.1192
0.25088 21.7799
0.251904 25.9945
0.252928 38.1184
0.253952 42.3076
0.254976 35.467
0.256 26.1176
0.257024 21.5891
0.258048 26.663
0.259072 40.9824
0.260096 48.2133
0.26112 36.0958
0.262144 15.1109
0.263168 41.6007
0.264192 67.5778
0.265216 73.4845
0.26624 65.29
0.267264 59.6583
0.268288 58.6773
0.269312 50.4712
0.270336 36.4643
0.27136 31.6061
0.272384 32.2355
0.273408 23.493
0.274432 8.33239
0.275456 14.1082
0.27648 22.128
0.277504 23.4632
0.278528 21.6841
0.279552 15.4967
0.280576 11.2938
0.2816 23.3797
0.282624 30.9271
0.283648 25.2629
0.284672 15.2744
0.285696 23.4163
0.28672 31.1064
0.287744 26.4188
0.288768 11.7437
0.289792 8.53996
0.290816 23.9093
0.29184 29.9185
0.292864 22.783
0.293888 17.4162
0.294912 33.1503
0.295936 40.1658
0.29696 27.0909
0.297984 18.5725
0.299008 41.8298
0.300032 50.675
0.301056 38.4708
0.30208 35.9971
0.303104 60.1068
0.304128 76.0666
0.305152 74.3297
0.306176 60.0701
0.3072 39.1822
0.308224 14.7171
0.309248 10.1696
0.310272 23.1419
0.311296 23.0659
0.31232 21.3066
0.313344 32.381
0.314368 41.8653
0.315392 40.0692
0.316416 27.9813
0.31744 12.5502
0.318464 7.70054
0.319488 10.2457
0.320512 5.47897
0.321536 6.92524
0.32256 13.1112
0.323584 10.148
0.324608 8.19586
0.325632 22.2874
0.326656 30.8326
0.32768 28.267
0.328704 19.786
0.329728 16.7152
0.330752 18.0635
0.331776 19.3387
0.3328 23.4807
0.333824 26.3688
0.334848 22.9096
0.335872 13.7022
0.336896 2.73234
0.33792 8.41589
0.338944 16.9795
0.339968 23.4945
0.340992 27.2722
0.342016 25.7987
0.34304 15.932
0.344064 2.51707
0.345088 22.7969
0.346112 37.4858
0.347136 40.4651
0.34816 31.7121
0.349184 15.805
0.350208 3.89852
0.351232 17.6721
0.352256 26.6053
0.35328 32.7415
0.354304 44.6662
0.355328 58.894
0.356352 63.171
0.357376 52.6513
0.3584 35.4733
0.359424 25.2332
0.360448 17.5849
0.361472 9.0372
0.362496 24.2497
0.36352 33.9816
0.364544 28.0099
0.365568 24.1199
0.366592 42.7635
0.367616 56.5922
0.36864 53.1437
0.369664 35.1784
0.370688 13.9132
0.371712 12.6762
0.372736 21.0921
0.37376 23.0451
0.374784 20.9218
0.375808 18.8651
0.376832 18.9755
0.377856 18.8718
0.37888 15.854
0.379904 11.2577
0.380928 10.9668
0.381952 14.1357
0.382976 15.9144
0.384 17.0207
0.385024 17.192
0.386048 14.4759
0.387072 18.4218
0.388096 33.4007
0.38912 45.4394
0.390144 45.4416
0.391168 32.1236
0.392192 12.7396
0.393216 12.7045
0.39424 20.6988
0.395264 17.9361
0.396288 10.4685
0.397312 12.5252
0.398336 13.5172
0.39936 12.8689
0.400384 29.4529
0.401408 46.8517
0.402432 50.4086
0.403456 36.4972
0.40448 13.13
0.405504 5.66143
0.406528 9.42382
0.407552 13.6047
0.408576 31.9459
0.4096 43.1828
0.410624 38.4487
0.411648 21.4856
0.412672 6.13755
0.413696 11.1592
0.41472 12.7581
0.415744 8.5871
0.416768 5.06748
0.417792 18.4229
0.418816 30.888
0.41984 32.6906
0.420864 22.1558
0.421888 10.0238
0.422912 11.3426
0.423936 7.83262
0.42496 12.2699
0.425984 25.9135
0.427008 28.8767
0.428032 18.1763
0.429056 6.83087
0.43008 16.055
0.431104 17.0288
0.432128 7.20873
0.433152 7.02803
0.434176 16.5334
0.4352 16.8151
0.436224 8.49001
0.437248 12.7399
0.438272 25.2245
0.439296 27.2709
0.44032 17.4853
0.441344 20.2044
0.442368 37.8997
0.443392 45.6929
0.444416 39.8031
0.44544 32.5849
0.446464 43.0501
0.447488 58.2997
0.448512 59.1275
0.449536 38.1974
0.45056 13.0614
0.451584 42.3802
0.452608 58.5517
0.453632 46.5172
0.454656 21.6748
0.45568 26.1194
0.456704 27.4265
0.457728 7.76485
0.458752 28.1388
0.459776 44.0775
0.4608 34.1533
0.461824 8.05194
0.462848 12.4489
0.463872 13.9715
0.464896 34.4167
0.46592 67.0311
0.466944 78.8868
0.467968 58.9816
0.468992 20.4976
0.470016 17.0556
0.47104 27.0649
0.472064 29.0294
0.473088 47.4851
0.474112 59.013
0.475136 48.5574
0.47616 23.3173
0.477184 0.974309
0.478208 14.8653
0.479232 24.7762
0.480256 30.5549
0.48128 31.5108
0.482304 45.8697
0.483328 69.2558
0.484352 77.6646
0.485376 61.2199
0.4864 33.2175
0.487424 39.6397
0.488448 60.6889
0.489472 63.7923
0.490496 48.0208
0.49152 22.1803
0.492544 9.14667
0.493568 24.913
0.494592 31.6074
0.495616 30.2846
0.49664 27.941
0.497664 32.1152
0.498688 41.3193
0.499712 45.0648
0.500736 35.0819
0.50176 12.9512
0.502784 17.932
0.503808 34.1229
0.504832 32.1923
0.505856 15.0505
0.50688 21.587
0.507904 42.2405
0.508928 48.7867
0.509952 40.7077
0.510976 34.5829
0.512 43.2779
0.513024 46.475
0.514048 31.7685
0.515072 5.07802
0.516096 23.8231
0.51712 38.3339
0.518144 39.249
0.519168 35.0092
0.520192 29.5841
0.521216 18.8594
0.52224 8.67878
0.523264 14.2241
0.524288 14.8379
