-0.0997498
0.314723
0.514469
0.857585
0.958546
0.995297
0.933834
0.917417
0.698961
0.420638
0.00838618
-0.159269
-0.472002
-0.746429
-0.953411
-1.09091
-1.0625
-0.90318
-0.760078
-0.505437
-0.0490255
0.147997
0.373428
0.59931
0.783704
0.958682
0.998812
0.923405
0.761304
0.524972
0.152348
-0.0531883
-0.392526
-0.673407
-0.933446
-0.94544
-0.942132
-0.876818
-0.78437
-0.605342
-0.21509
0.0576068
0.404862
0.670941
0.811078
0.874075
0.992115
0.907496
0.903917
0.56678
0.415826
0.130051
-0.143621
-0.424651
-0.734909
-0.940626
-1.04194
-1.01886
-0.802058
-0.775852
-0.452382
-0.216056
0.206403
0.371782
0.608865
0.971398
0.940455
0.945482
0.921571
0.770891
0.56042
0.25241
-0.101029
-0.45292
-0.604426
-0.857663
-0.978439
-0.908287
-0.884105
-0.859081
-0.535761
-0.301473
0.0715428
0.347104
0.61018
0.782725
0.879839
0.944946
0.941971
0.885166
0.618653
0.446417
0.0993774
-0.285753
-0.601201
-0.733706
-0.9255
-1.0836
-0.93575
-0.863012
-0.74206
-0.326513
-0.194096
0.264063
0.509975
0.676341
0.878536
0.901377
1.0825
0.935312
0.654894
0.557635
0.259426
-0.0938124
-0.466971
-0.726837
-0.79429
-0.977887
-1.06618
-0.927722
-0.726607
-0.564207
-0.310797
0.0505558
0.373338
0.656681
0.861968
0.948365
0.924604
0.926868
0.884521
0.51253
0.340293
0.069404
-0.281468
-0.624389
-0.683143
-0.844229
-0.987381
-1.00374
-0.863384
-0.68742
-0.335845
-0.146847
0.18631
0.436562
0.820841
0.858234
1.03701
1.00076
0.832422
0.767994
0.539285
0.162571
-0.122231
-0.338397
-0.766066
-0.765047
-0.961185
-1.08621
-0.917614
-0.826354
-0.466389
-0.229514
0.0805902
0.287989
0.683663
0.749254
0.878926
1.04855
0.912341
0.898671
0.552915
0.292573
-0.0474062
-0.231903
-0.488646
-0.739137
-0.912945
-0.948675
-1.01949
-0.92246
-0.752849
-0.481791
-0.0367695
0.277637
0.435014
0.655775
0.914631
0.893753
0.908032
0.878542
0.757551
0.497768
0.179651
-0.219804
-0.440211
-0.740213
-0.830843
-1.02025
-1.00785
-0.972628
-0.741635
-0.518074
-0.217244
-0.00664093
0.360722
0.717468
0.870622
1.04539
0.937688
0.912797
0.738878
0.684833
0.30517
0.111875
-0.370783
-0.540697
-0.869468
-0.949794
-0.912492
-1.05729
-0.76593
-0.685828
-0.437223
-0.031984
0.201245
0.443933
0.766565
0.929997
0.982802
0.976376
0.901487
0.725321
0.52057
0.224616
-0.121775
-0.394435
-0.67639
-0.901043
-1.04393
-0.946326
-0.903183
-0.668119
-0.565529
-0.29327
0.0945094
0.411019
0.651316
0.808484
0.962668
0.9154
0.989693
0.818247
0.599884
0.34023
0.0609058
-0.372183
-0.560601
-0.72229
-0.859233
-0.976382
-0.918239
-0.929582
-0.600838
-0.276011
-0.110562
0.244898
0.475268
0.683921
0.835921
1.06772
1.05103
0.924933
0.620517
0.403999
0.0626001
-0.243538
-0.421415
-0.634376
-0.872903
-0.993454
-1.01068
-0.949419
-0.747839
-0.503297
-0.288571
0.050405
0.430283
0.606608
0.910191
1.05879
1.07347
0.982345
0.748358
0.654532
0.215731
-0.0991242
-0.256688
-0.580881
-0.78128
-0.854384
-1.08525
-0.885303
-0.800698
-0.660435
-0.438935
-0.0603106
0.188398
0.482648
0.841205
0.929347
1.02774
0.901225
0.868595
0.656427
0.426917
0.193253
-0.169109
-0.484065
-0.669474
-0.881209
-0.964022
-1.01187
-1.00281
-0.691079
-0.572774
-0.182498
0.170666
0.392292
0.70264
0.850736
0.946053
1.05519
0.943555
0.752157
0.646714
0.304689
-0.0892252
-0.350461
-0.669374
-0.761802
-0.859184
-0.977527
-1.05137
-0.85862
-0.70405
-0.320577
-0.122742
0.32428
0.607861
0.784543
0.968208
1.06711
0.878638
0.789267
0.71314
0.439859
0.065924
-0.26985
-0.537613
-0.69091
-0.925028
-1.02342
-1.01566
-0.866474
-0.663769
-0.420808
-0.189783
0.132443
0.464878
0.742536
0.786691
0.998975
0.977774
0.879246
0.700318
0.616363
0.179946
-0.0512455
-0.32222
-0.645054
-0.807975
-1.00819
-1.03773
-1.03118
-0.755977
-0.678569
-0.38004
0.0208148
0.345759
0.603252
0.82177
0.951551
0.969516
1.04427
0.803427
0.735132
0.351129
0.0601322
-0.186609
-0.385217
-0.813486
-0.98239
-0.984242
-1.00194
-0.974291
-0.763971
-0.393089
-0.236487
0.0517206
0.341449
0.757887
0.779995
0.88512
0.908056
0.891161
0.848107
0.514718
0.241422
0.0401654
-0.280982
-0.608386
-0.75617
-0.918234
-1.02039
-0.997696
-0.90959
-0.590581
-0.23435
-0.0448025
0.226739
0.572682
0.731764
0.969795
1.08717
0.957131
0.9294
0.554607
0.482187
0.118327
-0.14988
-0.477563
-0.804168
-0.959524
-1.0143
-1.08442
-0.904056
-0.790657
-0.428552
-0.0999423
0.0475511
0.489767
0.713015
0.908385
1.03886
1.00121
0.95624
0.685762
0.562491
0.28856
-0.005774
-0.453681
-0.551124
-0.802566
-0.919118
-1.08261
-0.93521
-0.713627
-0.674042
-0.358687
-0.0832362
0.386641
0.589729
0.746795
1.02184
0.972302
1.00588
0.78858
0.575015
0.330793
0.0900852
-0.138645
-0.582255
-0.660422
-0.920823
-1.07646
-0.926686
-0.947564
-0.603497
-0.394437
-0.0847806
0.0888582
0.42994
0.590291
0.926197
0.903595
0.974848
0.876437
0.847659
0.421818
0.181475
-0.135709
-0.42178
-0.703692
-0.814161
-0.886702
-0.911505
-1.00241
-0.739906
-0.546697
-0.270654
0.0818293
0.293098
0.660067
0.828672
0.871696
1.02659
0.977683
0.822633
0.722998
0.379432
0.0892785
-0.223767
-0.563045
-0.769746
-0.944158
-1.08658
-0.921735
-0.936768
-0.775484
-0.460733
-0.128581
0.0730431
0.389145
0.629554
0.910789
0.973971
1.01334
0.948638
0.729211
0.540432
0.198407
-0.0186535
-0.364241
-0.703913
-0.754961
-0.891776
-1.02045
-0.839848
-0.851285
-0.486588
-0.275395
0.000683662
0.339149
0.627501
0.713132
0.90272
0.951739
0.941958
0.910534
0.666899
0.405584
0.140532
-0.264267
-0.545107
-0.676435
-0.957393
-1.01756
-0.964203
-0.899376
-0.633862
-0.378484
-0.0873045
0.218848
0.388402
0.647141
0.842158
1.02137
1.07313
0.877557
0.736185
0.414774
0.288599
-0.157403
-0.3904
-0.622206
-0.863651
-0.932503
-1.08003
-1.01708
-0.865582
-0.65001
-0.307503
-0.0140128
0.364768
0.524234
0.789427
0.863097
1.03507
1.00193
0.764331
0.654036
0.371561
0.080047
-0.246067
-0.615338
-0.756094
-1.01395
-0.901397
-0.982895
-0.769979
-0.625986
-0.410237
-0.0864263
0.2216
0.445819
0.693455
0.803216
1.04926
0.923089
0.810839
0.686358
0.539079
0.137584
-0.14584
-0.408308
-0.760585
-0.869756
-0.971368
-0.976101
-0.876799
-0.792796
-0.575364
-0.198183
0.125271
0.361552
0.704968
0.728279
0.965877
1.07271
0.930658
0.778866
0.562355
0.242231
0.0593207
-0.288476
-0.641602
-0.866803
-0.937366
-0.925703
-0.885587
-0.877349
-0.616958
-0.382923
-0.0485473
0.270175
0.498703
0.743251
0.814477
1.04781
0.979742
0.911349
0.733618
0.485237
0.246253
-0.0878607
-0.447714
-0.769514
-0.910511
-1.00739
-1.04989
-0.869676
-0.790818
-0.461024
-0.331495
0.0941832
0.374204
0.694021
0.761193
0.964054
1.08033
1.00554
0.903499
0.535172
0.40562
0.0840249
-0.18784
-0.485808
-0.702668
-0.90725
-1.06103
-0.946645
-0.898357
-0.703043
-0.347552
-0.0403951
0.141298
0.535676
0.728842
0.820286
1.05221
1.05635
0.812567
0.668602
0.475203
0.165557
-0.0821713
-0.489181
-0.635046
-0.771082
-1.07525
-0.965658
-0.880786
-0.822381
-0.610167
-0.287986
0.0966459
0.42768
0.636191
0.805715
1.01633
0.946203
0.973254
0.749541
0.526717
0.407889
-0.0313791
-0.385707
-0.511888
-0.85798
-1.02795
-1.09695
-0.99726
-0.816078
-0.675183
-0.399771
-0.102494
0.137235
0.512575
0.780805
0.876767
1.02398
1.05835
0.889017
0.712381
0.360409
0.152013
-0.194733
-0.453256
-0.616873
-0.878753
-1.0633
-0.980744
-0.872329
-0.693443
-0.441258
-0.160948
0.0321662
0.444192
0.663377
0.887595
1.0295
1.05245
1.01593
0.877501
0.658315
0.306398
-0.0119663
-0.380478
-0.605005
-0.731226
-0.956001
-1.06536
-1.06361
-0.806733
-0.579683
-0.458573
-0.155601
0.208191
0.550881
0.810659
0.845027
0.922478
0.890478
0.845298
0.593252
0.534301
0.176257
-0.248128
-0.366781
-0.670882
-0.895578
-1.07889
-1.04396
-0.930778
-0.710149
-0.447162
-0.314536
0.151006
0.31037
0.670685
0.854934
1.06367
0.99148
0.880297
0.748486
0.622164
0.258793
-0.0161504
-0.292078
-0.665296
-0.70632
-0.894443
-1.06952
-0.96915
-0.789144
-0.52511
-0.304794
-0.0329904
0.267221
0.613811
0.794841
0.877075
1.00862
0.936394
0.879734
0.723074
0.376842
0.143916
-0.172436
-0.370128
-0.673143
-0.834608
-0.960603
-1.00175
-0.844237
-0.683547
-0.395114
-0.266186
0.123912
0.475956
0.671432
0.935034
0.971139
0.995997
0.922937
0.858605
0.64365
0.215105
-0.0741491
-0.384708
-0.549601
-0.722231
-0.924512
-1.09165
-0.928671
-0.917686
-0.603961
-0.339523
-0.059801
0.16714
0.634204
0.690717
0.944061
0.906384
0.910261
0.89602
0.638047
0.379621
0.153128
-0.200933
-0.485896
-0.771406
-0.857521
-1.05401
-0.989668
-0.897146
-0.663701
-0.495169
-0.294187
0.0781198
0.380421
0.588131
0.923194
1.0196
1.07552
0.957172
0.803129
0.548221
0.313507
0.0106277
-0.245472
-0.612344
-0.844932
-1.03087
-0.919068
-0.889062
-0.826627
-0.683776
-0.263002
0.0154679
0.174538
0.528659
0.860235
0.842056
0.930263
0.915196
0.781112
0.680638
0.328911
0.133877
-0.179071
-0.444124
-0.677935
-0.815545
-0.955231
-1.0276
-0.831452
-0.740094
-0.371897
-0.128537
0.0632933
0.350543
0.64921
0.800217
0.991898
0.935437
1.01591
0.703218
0.511343
0.215665
-0.124903
-0.408787
-0.705984
-0.770355
-0.904732
-0.923717
-1.04917
-0.820733
-0.610424
-0.265003
-0.0322716
0.277491
0.605447
0.728438
0.944874
0.916667
1.05444
0.93012
0.724577
0.305919
0.0961952
-0.180704
-0.443455
-0.681441
-0.95284
-0.908921
-0.92688
-0.947715
-0.696538
-0.550291
-0.166528
0.192654
0.468386
0.585411
0.916435
0.98899
1.07803
0.994223
0.816595
0.485676
0.221968
-0.0649433
-0.449378
-0.594466
-0.931299
-0.906715
-0.948461
-1.00166
-0.872256
-0.674292
-0.279559
-0.105734
0.259458
0.605305
0.847977
0.924591
1.09514
0.994086
0.803913
0.639226
0.457554
0.00165472
-0.298904
-0.574894
-0.812349
-0.825569
-1.03073
-1.00834
-0.819154
-0.78905
-0.386771
-0.210859
0.226307
0.389918
0.643412
0.817673
0.926661
1.06314
0.989178
0.826675
0.583059
0.252912
-0.165386
-0.436612
-0.697643
-0.867043
-0.973923
-1.06231
-0.862651
-0.77123
-0.56654
-0.21967
